0 638
1 2388519
0 9182
1 4406
0 655
1 425
0 621
1 447
0 611
1 609
0 602
1 604
0 601
1 416
0 602
1 605
0 604
1 414
0 604
1 602
0 605
1 1729
0 494
1 1737
0 609
1 1538
0 602
1 1724
0 602
1 1545
0 619
1 1560
0 609
1 1759
0 429
1 1721
0 605
1 602
0 604
1 416
0 605
1 605
0 616
1 416
0 624
1 608
0 603
1 604
0 601
1 1537
0 601
1 603
0 604
1 1533
0 608
1 1732
0 624
1 1537
0 605
1 1724
0 602
1 1536
0 602
1 1739
0 431
1 604
0 621
1 1538
0 790
1 39633
0 8964
1 2235
0 588
1 462065
0 8997
1 4564
0 616
1 417
0 606
1 603
0 623
1 440
0 608
1 607
0 603
1 420
0 602
1 602
0 602
1 604
0 614
1 429
0 602
1 1725
0 606
1 1558
0 607
1 1536
0 605
1 1719
0 613
1 1545
0 605
1 1726
0 605
1 1540
0 603
1 1722
0 601
1 1545
0 615
1 601
0 604
1 603
0 602
1 415
0 607
1 610
0 610
1 416
0 605
1 1724
0 604
1 417
0 801
1 431
0 603
1 1541
0 603
1 1751
0 609
1 1541
0 604
1 1735
0 618
1 1537
0 605
1 606
0 602
1 1563
0 605
1 39650
0 9088
1 2314
0 422
1 445961
0 9017
1 4377
0 632
1 424
0 608
1 606
0 603
1 608
0 521
1 621
0 606
1 419
0 604
1 606
0 603
1 417
0 604
1 602
0 605
1 1564
0 614
1 1734
0 625
1 1539
0 608
1 1728
0 604
1 1538
0 625
1 1549
0 607
1 1739
0 606
1 1537
0 606
1 1725
0 606
1 417
0 612
1 1727
0 607
1 1552
0 604
1 1727
0 605
1 418
0 603
1 1727
0 610
1 418
0 603
1 603
0 679
1 1554
0 607
1 603
0 605
1 416
0 606
1 604
0 603
1 1542
0 618
1 610
0 603
1 1542
0 615
1 39774
0 8906
1 2310
0 623
1 442386
0 9021
1 4417
0 614
1 632
0 448
1 607
0 603
1 416
0 603
1 605
0 603
1 605
0 604
1 419
0 603
1 605
0 604
1 417
0 603
1 1792
0 443
1 1735
0 607
1 1539
0 605
1 1724
0 604
1 1541
0 603
1 1740
0 621
1 1542
0 604
1 1727
0 607
1 416
0 606
1 603
0 606
1 1561
0 619
1 1727
0 602
1 1541
0 604
1 602
0 604
1 1537
0 603
1 606
0 606
1 1552
0 607
1 1727
0 606
1 416
0 606
1 602
0 605
1 602
0 602
1 1539
0 681
1 453
0 607
1 1728
0 605
1 39579
0 9143
1 2133
0 607
1 798830
0 8902
1 4462
0 625
1 608
0 607
1 417
0 697
1 438
0 604
1 604
0 606
1 416
0 606
1 606
0 603
1 613
0 607
1 417
0 603
1 1726
0 604
1 1543
0 619
1 1724
0 607
1 1557
0 605
1 1726
0 603
1 1542
0 605
1 1554
0 606
1 1728
0 618
1 434
0 606
1 605
0 607
1 604
0 419
1 1784
0 439
1 1728
0 607
1 603
0 605
1 1556
0 611
1 604
0 603
1 1545
0 603
1 1735
0 431
1 1728
0 607
1 604
0 440
1 619
0 610
1 1542
0 607
1 603
0 605
1 1731
0 428
1 39698
0 9158
1 2141
0 608
1 434413
0 9152
1 4391
0 620
1 606
0 602
1 418
0 602
1 603
0 601
1 417
0 602
1 601
0 601
1 602
0 607
1 418
0 605
1 604
0 616
1 1534
0 604
1 1721
0 606
1 1535
0 601
1 1777
0 613
1 1552
0 603
1 1724
0 606
1 1534
0 604
1 1720
0 625
1 418
0 605
1 612
0 605
1 1535
0 602
1 604
0 602
1 417
0 601
1 603
0 602
1 1724
0 606
1 417
0 607
1 1732
0 604
1 1534
0 605
1 601
0 604
1 1534
0 656
1 1556
0 610
1 1733
0 602
1 418
0 788
1 1536
0 605
1 39629
0 9068
1 2300
0 606
1 488781
0 9192
1 4378
0 699
1 436
0 625
1 424
0 603
1 602
0 604
1 602
0 607
1 415
0 604
1 602
0 605
1 416
0 604
1 602
0 602
1 1727
0 621
1 1538
0 602
1 1536
0 791
1 1536
0 604
1 1725
0 616
1 1563
0 621
1 1545
0 610
1 1723
0 601
1 1538
0 604
1 607
0 615
1 418
0 630
1 1730
0 606
1 1534
0 604
1 603
0 603
1 1536
0 604
1 604
0 616
1 415
0 629
1 1735
0 603
1 1539
0 602
1 602
0 602
1 603
0 604
1 1540
0 622
1 622
0 436
1 1724
0 604
1 39732
0 8901
1 2304
0 606
1 449466
0 8961
1 4571
0 611
1 421
0 613
1 605
0 602
1 416
0 602
1 604
0 601
1 604
0 611
1 416
0 605
1 601
0 604
1 415
0 601
1 1726
0 620
1 1536
0 605
1 1724
0 628
1 1542
0 605
1 1724
0 601
1 1600
0 616
1 1534
0 606
1 1727
0 606
1 1535
0 604
1 602
0 659
1 1552
0 602
1 604
0 601
1 415
0 602
1 604
0 614
1 1538
0 602
1 600
0 604
1 601
0 613
1 1547
0 605
1 601
0 604
1 1536
0 606
1 1724
0 601
1 1537
0 605
1 619
0 603
1 1539
0 602
1 39809
0 8944
1 2314
0 609
1 481374
0 8939
1 4384
0 797
1 432
0 601
1 417
0 787
1 419
0 603
1 605
0 604
1 415
0 604
1 600
0 605
1 415
0 622
1 604
0 602
1 1724
0 426
1 1724
0 602
1 1723
0 602
1 1536
0 610
1 1728
0 427
1 1722
0 605
1 1721
0 603
1 1535
0 604
1 601
0 613
1 416
0 602
1 1734
0 614
1 416
0 601
1 1723
0 603
1 415
0 602
1 1723
0 608
1 416
0 799
1 1546
0 604
1 1535
0 605
1 602
0 602
1 1724
0 416
1 602
0 602
1 1728
0 613
1 415
0 601
1 1721
0 601
1 39674
0 8994
1 2302
0 603
1 436914
0 8981
1 4555
0 607
1 606
0 603
1 418
0 602
1 614
0 615
1 420
0 617
1 609
0 603
1 417
0 603
1 604
0 605
1 415
0 792
1 1535
0 606
1 1546
0 615
1 1729
0 605
1 1541
0 602
1 1724
0 603
1 1539
0 602
1 1736
0 624
1 1540
0 604
1 603
0 605
1 415
0 790
1 416
0 605
1 1725
0 603
1 421
0 620
1 618
0 607
1 1539
0 604
1 610
0 606
1 1535
0 606
1 1725
0 672
1 1580
0 612
1 417
0 606
1 1725
0 603
1 1540
0 603
1 605
0 603
1 1540
0 613
1 39813
0 9011
1 2123
0 666
1 410460
0 9165
1 4383
0 611
1 606
0 606
1 416
0 606
1 667
0 434
1 605
0 629
1 429
0 610
1 606
0 603
1 603
0 604
1 419
0 603
1 1730
0 604
1 1543
0 618
1 1730
0 608
1 1539
0 606
1 1735
0 612
1 1542
0 605
1 1734
0 636
1 1548
0 605
1 1542
0 605
1 606
0 606
1 1540
0 796
1 427
0 606
1 1553
0 644
1 655
0 463
1 1763
0 619
1 419
0 606
1 607
0 604
1 1558
0 623
1 604
0 634
1 1549
0 608
1 604
0 603
1 1540
0 607
1 605
0 604
1 1530
0 599
1 39729
0 9021
1 2350
0 616
1 415467
0 9040
1 4381
0 622
1 607
0 604
1 435
0 607
1 606
0 604
1 605
0 603
1 416
0 603
1 602
0 606
1 416
0 608
1 614
0 606
1 1558
0 611
1 1749
0 609
1 1543
0 604
1 1730
0 614
1 1541
0 603
1 1729
0 608
1 1540
0 603
1 1725
0 607
1 1541
0 617
1 606
0 603
1 416
0 603
1 1738
0 603
1 418
0 602
1 603
0 604
1 1550
0 614
1 603
0 603
1 602
0 606
1 1559
0 606
1 1539
0 606
1 603
0 603
1 1731
0 614
1 1540
0 604
1 606
0 439
1 1737
0 607
1 39811
0 9061
1 2119
0 608
1 325729
0 9146
1 4390
0 608
1 604
0 602
1 416
0 607
1 619
0 603
1 418
0 601
1 604
0 602
1 603
0 602
1 416
0 619
1 604
0 606
1 1536
0 602
1 1591
0 620
1 1721
0 604
1 1535
0 622
1 1724
0 602
1 1536
0 664
1 1599
0 605
1 1723
0 605
1 415
0 624
1 604
0 604
1 417
0 792
1 417
0 603
1 1547
0 616
1 604
0 602
1 1720
0 602
1 417
0 630
1 1599
0 675
1 1590
0 628
1 1538
0 606
1 1722
0 606
1 604
0 427
1 1734
0 602
1 604
0 602
1 1542
0 614
1 39664
0 9073
1 2119
0 604
1 330758
0 9061
1 4393
0 609
1 605
0 602
1 480
0 628
1 604
0 627
1 424
0 602
1 603
0 605
1 417
0 604
1 600
0 604
1 604
0 601
1 1536
0 603
1 1730
0 445
1 1726
0 603
1 1726
0 602
1 1535
0 606
1 1731
0 441
1 1729
0 611
1 1537
0 604
1 1724
0 604
1 603
0 602
1 1542
0 616
1 1555
0 609
1 602
0 604
1 601
0 602
1 1537
0 604
1 601
0 601
1 415
0 665
1 1554
0 626
1 606
0 604
1 418
0 601
1 1723
0 603
1 1721
0 605
1 415
0 604
1 1757
0 421
1 39845
0 9034
1 2140
0 611
1 376463
0 9073
1 4436
0 644
1 419
0 603
1 603
0 605
1 414
0 604
1 603
0 606
1 416
0 615
1 614
0 604
1 602
0 601
1 415
0 602
1 1747
0 608
1 1537
0 604
1 1725
0 607
1 1544
0 605
1 1738
0 605
1 1536
0 605
1 1724
0 602
1 1542
0 621
1 1538
0 602
1 629
0 606
1 605
0 605
1 415
0 604
1 1722
0 604
1 416
0 614
1 1735
0 610
1 416
0 606
1 620
0 605
1 1536
0 604
1 1725
0 604
1 1514
0 597
1 587
0 585
1 1690
0 586
1 584
0 587
1 1671
0 407
1 39741
0 9099
1 2122
0 606
1 326981
0 8957
1 4431
0 629
1 610
0 612
1 419
0 602
1 602
0 602
1 415
0 792
1 438
0 612
1 417
0 605
1 602
0 604
1 602
0 615
1 1548
0 605
1 1724
0 601
1 1554
0 606
1 1538
0 789
1 1543
0 617
1 1536
0 604
1 1722
0 615
1 1548
0 607
1 601
0 605
1 605
0 613
1 1549
0 602
1 1538
0 601
1 604
0 619
1 612
0 605
1 1533
0 604
1 603
0 475
1 1738
0 604
1 1535
0 604
1 601
0 603
1 609
0 604
1 1536
0 602
1 1735
0 426
1 605
0 601
1 1721
0 603
1 39708
0 8860
1 2298
0 629
1 390716
0 9150
1 4390
0 623
1 605
0 604
1 416
0 603
1 609
0 604
1 418
0 788
1 418
0 601
1 605
0 604
1 419
0 602
1 603
0 614
1 1546
0 603
1 1720
0 605
1 1535
0 604
1 1737
0 609
1 1546
0 617
1 1721
0 603
1 1538
0 603
1 1734
0 431
1 1724
0 607
1 613
0 605
1 1534
0 652
1 1537
0 602
1 1740
0 616
1 422
0 602
1 611
0 614
1 416
0 602
1 605
0 605
1 1534
0 604
1 601
0 605
1 603
0 603
1 434
0 614
1 1732
0 614
1 1537
0 603
1 1720
0 602
1 39671
0 9041
1 2111
0 605
1 386667
0 8987
1 4371
0 611
1 605
0 605
1 416
0 602
1 623
0 621
1 416
0 604
1 602
0 604
1 605
0 602
1 418
0 606
1 619
0 609
1 1538
0 603
1 1750
0 629
1 1538
0 606
1 1722
0 602
1 1536
0 605
1 1725
0 625
1 1551
0 603
1 1536
0 602
1 1724
0 603
1 1538
0 605
1 1735
0 624
1 1534
0 606
1 1722
0 606
1 415
0 791
1 417
0 603
1 604
0 602
1 414
0 623
1 622
0 605
1 416
0 602
1 604
0 604
1 414
0 791
1 1532
0 605
1 1721
0 605
1 1548
0 712
1 39671
0 8922
1 2318
0 605
1 464003
0 9166
1 4382
0 622
1 609
0 423
1 606
0 605
1 605
0 606
1 416
0 606
1 602
0 606
1 416
0 606
1 603
0 603
1 603
0 609
1 1551
0 606
1 1542
0 603
1 1728
0 603
1 1540
0 794
1 1545
0 617
1 1562
0 607
1 1728
0 606
1 1537
0 605
1 605
0 604
1 1550
0 615
1 1768
0 452
1 1777
0 460
1 1747
0 608
1 419
0 610
1 611
0 619
1 433
0 606
1 1739
0 613
1 418
0 604
1 606
0 604
1 420
0 604
1 606
0 603
1 1543
0 610
1 1624
0 812
1 1549
0 609
1 39635
0 9112
1 2130
0 605
1 405361
0 8997
1 4391
0 614
1 604
0 606
1 606
0 604
1 416
0 604
1 613
0 616
1 418
0 603
1 606
0 603
1 419
0 604
1 607
0 613
1 1545
0 607
1 1727
0 606
1 1551
0 619
1 1729
0 604
1 1541
0 605
1 1728
0 603
1 1542
0 615
1 1745
0 612
1 417
0 650
1 422
0 800
1 1546
0 607
1 1540
0 606
1 1733
0 616
1 419
0 604
1 606
0 602
1 440
0 606
1 1730
0 608
1 1539
0 605
1 612
0 617
1 416
0 605
1 604
0 605
1 1554
0 793
1 1542
0 606
1 1540
0 604
1 39859
0 8901
1 2317
0 618
1 350889
0 8998
1 4564
0 630
1 419
0 606
1 604
0 603
1 416
0 605
1 500
0 607
1 604
0 603
1 607
0 603
1 419
0 603
1 607
0 603
1 1567
0 607
1 1725
0 425
1 1737
0 605
1 1540
0 606
1 1727
0 607
1 1543
0 607
1 1736
0 615
1 1542
0 605
1 1729
0 606
1 1581
0 649
1 458
0 647
1 1600
0 635
1 1545
0 607
1 604
0 605
1 607
0 603
1 419
0 629
1 620
0 418
1 608
0 604
1 1735
0 429
1 606
0 605
1 603
0 606
1 1538
0 606
1 1740
0 612
1 1542
0 691
1 39659
0 8910
1 2308
0 617
1 410615
0 9181
1 4373
0 607
1 607
0 604
1 417
0 620
1 606
0 613
1 427
0 606
1 603
0 605
1 416
0 606
1 603
0 606
1 604
0 604
1 1539
0 603
1 1585
0 616
1 1738
0 604
1 1539
0 604
1 1726
0 606
1 1536
0 628
1 1734
0 433
1 1725
0 604
1 603
0 604
1 418
0 603
1 606
0 603
1 1590
0 610
1 1545
0 620
1 603
0 603
1 603
0 605
1 416
0 604
1 1725
0 602
1 1539
0 619
1 1737
0 428
1 606
0 603
1 605
0 603
1 1536
0 618
1 1726
0 607
1 1573
0 619
1 39631
0 9064
1 2120
0 619
1 397420
0 9018
1 4326
0 631
1 610
0 604
1 418
0 603
1 605
0 605
1 416
0 603
1 604
0 606
1 612
0 617
1 417
0 624
1 609
0 608
1 1540
0 607
1 1726
0 604
1 1541
0 603
1 1612
0 636
1 1554
0 797
1 1540
0 607
1 1540
0 606
1 1726
0 617
1 417
0 624
1 1731
0 605
1 418
0 603
1 1728
0 603
1 1542
0 604
1 608
0 600
1 587
0 600
1 407
0 588
1 1674
0 589
1 585
0 588
1 1722
0 599
1 410
0 586
1 502
0 624
1 1737
0 606
1 1538
0 604
1 1724
0 605
1 39578
0 9072
1 2306
0 608
1 475110
0 8988
1 4375
0 610
1 604
0 601
1 603
0 429
1 599
0 602
1 599
0 602
1 415
0 602
1 622
0 605
1 415
0 786
1 414
0 604
1 1720
0 601
1 1542
0 612
1 1717
0 620
1 1543
0 605
1 1714
0 603
1 1535
0 613
1 1716
0 600
1 1584
0 607
1 1537
0 601
1 602
0 600
1 602
0 659
1 1547
0 605
1 1530
0 604
1 613
0 604
1 600
0 603
1 414
0 602
1 600
0 599
1 1534
0 612
1 1719
0 600
1 414
0 619
1 613
0 621
1 1557
0 638
1 1608
0 708
1 1560
0 607
1 39763
0 9062
1 2113
0 607
1 397672
0 9027
1 4420
0 612
1 604
0 612
1 424
0 604
1 602
0 606
1 416
0 606
1 614
0 601
1 415
0 788
1 418
0 602
1 605
0 601
1 1593
0 621
1 1546
0 604
1 1723
0 617
1 1534
0 604
1 1722
0 604
1 1537
0 606
1 1723
0 612
1 1546
0 603
1 1724
0 604
1 1535
0 624
1 1722
0 604
1 415
0 613
1 1731
0 603
1 416
0 790
1 417
0 600
1 604
0 602
1 417
0 602
1 603
0 602
1 418
0 791
1 1510
0 600
1 584
0 587
1 1672
0 587
1 1674
0 587
1 1493
0 766
1 39566
0 9079
1 2133
0 614
1 411784
0 9018
1 4499
0 491
1 616
0 605
1 419
0 627
1 616
0 624
1 430
0 604
1 602
0 604
1 415
0 605
1 601
0 603
1 606
0 604
1 1536
0 602
1 1746
0 559
1 1540
0 604
1 1727
0 604
1 1535
0 792
1 1534
0 618
1 1551
0 616
1 1722
0 601
1 1538
0 602
1 604
0 602
1 1536
0 621
1 615
0 613
1 1538
0 605
1 602
0 604
1 603
0 602
1 415
0 612
1 615
0 607
1 1537
0 619
1 619
0 427
1 1724
0 601
1 601
0 602
1 1538
0 602
1 1721
0 602
1 1564
0 617
1 39628
0 9055
1 2300
0 617
1 366051
0 8970
1 4580
0 439
1 607
0 605
1 601
0 605
1 417
0 602
1 602
0 604
1 416
0 790
1 415
0 604
1 614
0 613
1 417
0 604
1 1726
0 604
1 1538
0 602
1 1724
0 605
1 1544
0 616
1 1742
0 607
1 1537
0 605
1 1721
0 602
1 1537
0 603
1 613
0 613
1 1555
0 603
1 1724
0 605
1 415
0 603
1 1723
0 604
1 415
0 605
1 611
0 616
1 415
0 618
1 1727
0 601
1 417
0 789
1 417
0 601
1 1724
0 605
1 415
0 601
1 1750
0 430
1 1647
0 609
1 1719
0 605
1 39728
0 9024
1 2130
0 607
1 513078
0 8979
1 4466
0 678
1 434
0 621
1 618
0 625
1 428
0 615
1 615
0 615
1 435
0 649
1 433
0 616
1 618
0 618
1 433
0 613
1 1599
0 637
1 1751
0 631
1 1569
0 647
1 1561
0 633
1 1582
0 632
1 1576
0 657
1 1581
0 622
1 1698
0 641
1 427
0 623
1 453
0 745
1 1620
0 678
1 442
0 610
1 1544
0 618
1 634
0 606
1 419
0 605
1 606
0 603
1 1569
0 615
1 1732
0 608
1 416
0 605
1 1737
0 437
1 605
0 605
1 1550
0 639
1 1743
0 610
1 1545
0 604
1 39716
0 9116
1 2131
0 625
1 439878
0 9000
1 4373
0 678
1 625
0 607
1 418
0 604
1 630
0 614
1 418
0 606
1 603
0 609
1 431
0 605
1 604
0 606
1 417
0 606
1 1727
0 604
1 1558
0 611
1 1727
0 489
1 1748
0 608
1 1538
0 606
1 1725
0 605
1 1544
0 607
1 1733
0 616
1 1541
0 603
1 1726
0 604
1 418
0 616
1 608
0 607
1 1539
0 620
1 603
0 605
1 416
0 605
1 603
0 605
1 417
0 603
1 604
0 605
1 1554
0 607
1 1737
0 615
1 418
0 602
1 1726
0 605
1 1538
0 606
1 1744
0 611
1 39643
0 9066
1 2143
0 616
1 486093
0 9042
1 4568
0 630
1 434
0 603
1 605
0 604
1 419
0 604
1 605
0 604
1 418
0 603
1 605
0 603
1 603
0 606
1 416
0 665
1 1587
0 628
1 1729
0 422
1 1726
0 604
1 1539
0 790
1 1549
0 618
1 1544
0 603
1 1725
0 605
1 1538
0 606
1 603
0 605
1 602
0 606
1 419
0 633
1 441
0 641
1 1591
0 649
1 612
0 605
1 416
0 604
1 608
0 609
1 1541
0 602
1 1763
0 632
1 1539
0 606
1 1726
0 605
1 416
0 607
1 1729
0 604
1 1473
0 625
1 1731
0 603
1 39640
0 9082
1 2119
0 603
1 500122
0 9183
1 4385
0 614
1 434
0 607
1 606
0 603
1 606
0 606
1 446
0 609
1 606
0 604
1 417
0 604
1 605
0 606
1 416
0 608
1 1727
0 619
1 1541
0 604
1 1748
0 604
1 1540
0 605
1 1728
0 606
1 1549
0 604
1 1749
0 418
1 1725
0 607
1 602
0 603
1 1539
0 609
1 613
0 604
1 416
0 602
1 1745
0 607
1 418
0 603
1 605
0 604
1 419
0 603
1 1727
0 617
1 416
0 605
1 1725
0 625
1 1553
0 607
1 604
0 603
1 1541
0 603
1 1732
0 617
1 1540
0 610
1 39662
0 9175
1 2170
0 620
1 440562
0 8965
1 4392
0 620
1 617
0 603
1 416
0 601
1 606
0 601
1 604
0 605
1 415
0 605
1 602
0 616
1 418
0 603
1 602
0 606
1 1540
0 617
1 1725
0 601
1 1536
0 602
1 1729
0 605
1 1538
0 606
1 1736
0 605
1 1535
0 602
1 1721
0 625
1 1537
0 605
1 608
0 613
1 418
0 602
1 601
0 603
1 1538
0 602
1 601
0 602
1 467
0 627
1 605
0 604
1 415
0 604
1 1726
0 614
1 1536
0 605
1 1724
0 602
1 622
0 429
1 1724
0 603
1 1540
0 614
1 1720
0 606
1 39640
0 9062
1 2113
0 606
1 321138
0 9121
1 4436
0 625
1 422
0 602
1 605
0 604
1 416
0 790
1 416
0 602
1 602
0 602
1 415
0 604
1 602
0 605
1 424
0 608
1 1730
0 614
1 1539
0 603
1 1723
0 601
1 1536
0 601
1 1752
0 618
1 1536
0 605
1 1721
0 605
1 1536
0 603
1 1745
0 678
1 1553
0 604
1 1538
0 603
1 1721
0 602
1 415
0 790
1 416
0 604
1 621
0 424
1 615
0 607
1 605
0 601
1 416
0 788
1 416
0 601
1 418
0 788
1 1534
0 601
1 1542
0 610
1 1741
0 605
1 1535
0 604
1 39802
0 8953
1 2326
0 609
1 339747
0 9166
1 4372
0 711
1 435
0 605
1 623
0 423
1 602
0 604
1 602
0 604
1 416
0 604
1 601
0 602
1 415
0 788
1 418
0 601
1 1729
0 619
1 1554
0 608
1 1538
0 605
1 1721
0 605
1 1723
0 429
1 1746
0 608
1 1539
0 602
1 1721
0 602
1 1538
0 604
1 606
0 597
1 1689
0 587
1 1672
0 587
1 403
0 586
1 583
0 586
1 584
0 584
1 588
0 584
1 485
0 615
1 1545
0 606
1 606
0 600
1 602
0 601
1 1527
0 602
1 1712
0 601
1 1530
0 614
1 1736
0 604
1 39670
0 9065
1 2155
0 1822
1 468050
0 9039
1 4580
0 617
1 421
0 610
1 622
0 605
1 423
0 603
1 605
0 605
1 417
0 606
1 611
0 608
1 417
0 792
1 416
0 605
1 1728
0 428
1 1728
0 603
1 1540
0 604
1 1767
0 661
1 1594
0 630
1 1551
0 621
1 1542
0 610
1 1747
0 617
1 416
0 605
1 1726
0 604
1 1545
0 615
1 1724
0 603
1 418
0 603
1 626
0 613
1 417
0 606
1 603
0 606
1 1555
0 619
1 604
0 605
1 416
0 605
1 603
0 604
1 1567
0 619
1 1788
0 453
1 1746
0 632
1 1539
0 606
1 39783
0 8912
1 2316
0 615
1 298666
0 8976
1 4390
0 633
1 615
0 606
1 420
0 603
1 492
0 619
1 606
0 603
1 605
0 606
1 417
0 605
1 603
0 604
1 416
0 605
1 1749
0 610
1 1539
0 618
1 1730
0 603
1 1539
0 603
1 1727
0 607
1 1544
0 618
1 1551
0 607
1 1725
0 606
1 416
0 792
1 417
0 605
1 1731
0 604
1 1542
0 614
1 605
0 603
1 418
0 604
1 604
0 603
1 417
0 792
1 1591
0 436
1 1729
0 610
1 427
0 606
1 604
0 604
1 1730
0 530
1 1544
0 605
1 1750
0 607
1 1547
0 620
1 39741
0 8928
1 2494
0 419
1 446805
0 9032
1 4385
0 621
1 607
0 603
1 418
0 603
1 602
0 603
1 418
0 603
1 604
0 604
1 607
0 449
1 611
0 608
1 604
0 605
1 1536
0 606
1 1726
0 417
1 1726
0 602
1 1559
0 623
1 1726
0 603
1 1537
0 606
1 1723
0 606
1 1602
0 622
1 1588
0 684
1 1593
0 631
1 423
0 603
1 1728
0 603
1 605
0 605
1 423
0 660
1 429
0 605
1 604
0 607
1 604
0 417
1 603
0 605
1 1733
0 607
1 417
0 602
1 1738
0 457
1 1734
0 604
1 1537
0 603
1 1726
0 605
1 39661
0 9113
1 2130
0 609
1 585384
0 8927
1 4505
0 610
1 410
0 586
1 589
0 692
1 428
0 608
1 604
0 606
1 415
0 606
1 622
0 611
1 416
0 602
1 602
0 605
1 1723
0 606
1 1551
0 603
1 1723
0 626
1 1542
0 607
1 1537
0 605
1 1727
0 615
1 1538
0 605
1 1729
0 607
1 418
0 602
1 1725
0 603
1 605
0 606
1 1550
0 605
1 603
0 605
1 415
0 618
1 603
0 605
1 415
0 605
1 1724
0 603
1 416
0 611
1 1739
0 603
1 418
0 603
1 1739
0 608
1 1539
0 603
1 1724
0 608
1 1548
0 610
1 39826
0 9056
1 2119
0 606
1 843156
0 8985
1 4596
0 626
1 421
0 607
1 603
0 605
1 416
0 606
1 603
0 604
1 417
0 606
1 603
0 603
1 605
0 610
1 419
0 683
1 1544
0 607
1 1735
0 613
1 1540
0 609
1 1726
0 613
1 1589
0 500
1 1779
0 455
1 1732
0 605
1 1541
0 792
1 1591
0 438
1 607
0 602
1 603
0 606
1 1538
0 602
1 603
0 604
1 417
0 607
1 603
0 606
1 416
0 624
1 611
0 617
1 1542
0 603
1 1727
0 604
1 418
0 792
1 1537
0 606
1 1563
0 619
1 1726
0 606
1 1537
0 605
1 39702
0 9069
1 2124
0 608
1 404820
0 9033
1 4448
0 618
1 425
0 608
1 603
0 605
1 604
0 416
1 604
0 606
1 614
0 605
1 416
0 609
1 613
0 604
1 418
0 603
1 1728
0 604
1 1541
0 604
1 1730
0 619
1 1540
0 606
1 1726
0 605
1 1536
0 606
1 1736
0 621
1 1541
0 626
1 607
0 603
1 418
0 602
1 605
0 605
1 1537
0 608
1 603
0 605
1 425
0 617
1 603
0 605
1 416
0 627
1 1729
0 604
1 1541
0 605
1 1726
0 603
1 420
0 614
1 1744
0 617
1 1537
0 603
1 1726
0 605
1 1539
0 606
1 39679
0 9136
1 2130
0 617
1 446659
0 9041
1 4573
0 620
1 419
0 608
1 605
0 606
1 416
0 611
1 606
0 607
1 417
0 606
1 604
0 603
1 417
0 603
1 610
0 617
1 1538
0 604
1 1727
0 624
1 1541
0 606
1 1725
0 608
1 1687
0 589
1 1491
0 769
1 1512
0 588
1 1675
0 586
1 588
0 544
1 505
0 658
1 1542
0 604
1 603
0 606
1 603
0 615
1 424
0 607
1 602
0 605
1 417
0 605
1 1729
0 615
1 1540
0 604
1 605
0 602
1 1557
0 606
1 1727
0 606
1 1544
0 621
1 1727
0 607
1 1539
0 625
1 39678
0 9153
1 2053
0 648
1 567000
0 9129
1 4356
0 605
1 614
0 421
1 604
0 612
1 600
0 603
1 414
0 602
1 600
0 603
1 600
0 602
1 414
0 600
1 599
0 602
1 1545
0 603
1 1718
0 612
1 1530
0 600
1 1718
0 603
1 1530
0 603
1 1727
0 621
1 1533
0 602
1 1719
0 602
1 1716
0 601
1 417
0 620
1 1732
0 434
1 605
0 601
1 601
0 602
1 414
0 602
1 599
0 602
1 599
0 600
1 415
0 602
1 1738
0 606
1 426
0 599
1 1718
0 600
1 1531
0 600
1 1603
0 605
1 1726
0 663
1 1551
0 606
1 39719
0 9110
1 2173
0 611
1 525253
0 8981
1 4447
0 623
1 605
0 603
1 418
0 601
1 604
0 605
1 602
0 604
1 415
0 602
1 603
0 481
1 617
0 606
1 602
0 624
1 1547
0 602
1 1723
0 602
1 1537
0 604
1 1727
0 434
1 1741
0 607
1 1536
0 605
1 1722
0 605
1 1533
0 615
1 615
0 602
1 1539
0 604
1 1724
0 602
1 603
0 604
1 415
0 604
1 602
0 602
1 416
0 681
1 603
0 604
1 1544
0 607
1 601
0 602
1 415
0 602
1 1724
0 603
1 1538
0 614
1 1751
0 625
1 1537
0 605
1 1721
0 417
1 39859
0 8880
1 2303
0 606
1 650255
0 8999
1 4488
0 603
1 590
0 588
1 585
0 588
1 403
0 592
1 591
0 591
1 586
0 588
1 585
0 494
1 669
0 429
1 607
0 603
1 1540
0 601
1 1723
0 607
1 1541
0 603
1 1734
0 618
1 1538
0 605
1 1723
0 605
1 1556
0 604
1 1725
0 612
1 1549
0 603
1 1724
0 605
1 1534
0 606
1 604
0 604
1 415
0 605
1 602
0 607
1 612
0 603
1 415
0 605
1 604
0 601
1 417
0 788
1 418
0 602
1 1556
0 606
1 1734
0 616
1 1535
0 605
1 1722
0 602
1 1536
0 646
1 39742
0 8970
1 2350
0 612
1 756294
0 8986
1 4559
0 423
1 604
0 616
1 620
0 609
1 420
0 602
1 602
0 601
1 418
0 602
1 604
0 603
1 418
0 791
1 416
0 603
1 1725
0 616
1 1547
0 607
1 1722
0 605
1 1536
0 601
1 1724
0 602
1 1559
0 615
1 1539
0 602
1 1722
0 604
1 602
0 604
1 416
0 605
1 602
0 604
1 489
0 625
1 439
0 611
1 606
0 603
1 1538
0 603
1 604
0 602
1 1726
0 606
1 1599
0 626
1 1544
0 610
1 1653
0 607
1 1537
0 606
1 1722
0 603
1 424
0 623
1 1747
0 606
1 39626
0 9070
1 2116
0 602
1 553485
0 9001
1 4566
0 623
1 420
0 607
1 602
0 628
1 428
0 609
1 603
0 602
1 415
0 603
1 605
0 603
1 604
0 500
1 621
0 604
1 1538
0 603
1 1745
0 609
1 1537
0 606
1 1721
0 429
1 1734
0 604
1 1535
0 603
1 1726
0 603
1 1724
0 605
1 1545
0 616
1 601
0 605
1 415
0 604
1 602
0 603
1 418
0 605
1 603
0 605
1 1536
0 602
1 668
0 618
1 419
0 603
1 1725
0 603
1 1573
0 607
1 1724
0 418
1 1730
0 616
1 1723
0 603
1 415
0 604
1 1580
0 634
1 39670
0 9079
1 2319
0 610
1 553805
0 9075
1 4383
0 612
1 608
0 418
1 605
0 604
1 618
0 421
1 603
0 605
1 616
0 604
1 418
0 603
1 606
0 605
1 603
0 416
1 1725
0 605
1 1537
0 608
1 1705
0 602
1 1674
0 585
1 1675
0 585
1 1672
0 590
1 1492
0 596
1 1767
0 613
1 1547
0 615
1 605
0 607
1 1540
0 656
1 1554
0 693
1 1560
0 606
1 606
0 603
1 1537
0 603
1 605
0 605
1 602
0 427
1 1729
0 619
1 605
0 606
1 416
0 605
1 605
0 603
1 1538
0 603
1 605
0 603
1 1556
0 606
1 39718
0 9052
1 2309
0 428
1 531150
0 8994
1 4394
0 612
1 608
0 606
1 602
0 603
1 417
0 604
1 612
0 617
1 417
0 622
1 605
0 605
1 415
0 604
1 605
0 602
1 1536
0 789
1 1540
0 688
1 1568
0 610
1 1536
0 606
1 1721
0 607
1 1536
0 605
1 1733
0 613
1 1559
0 607
1 607
0 602
1 416
0 601
1 1725
0 603
1 1536
0 608
1 1748
0 609
1 418
0 606
1 1722
0 605
1 605
0 602
1 1538
0 602
1 1729
0 427
1 623
0 604
1 605
0 606
1 415
0 605
1 1722
0 605
1 416
0 605
1 1724
0 615
1 39567
0 9058
1 2311
0 633
1 656090
0 8978
1 4564
0 619
1 421
0 602
1 604
0 602
1 603
0 608
1 421
0 603
1 602
0 605
1 417
0 605
1 603
0 668
1 438
0 608
1 1724
0 417
1 1772
0 630
1 1542
0 605
1 1724
0 607
1 1549
0 608
1 1722
0 605
1 1539
0 604
1 1722
0 602
1 416
0 612
1 617
0 602
1 418
0 601
1 1724
0 603
1 1540
0 602
1 604
0 613
1 1723
0 483
1 650
0 3288
1 1197
0 451
1 1731
0 603
1 416
0 788
1 418
0 516
1 1728
0 605
1 604
0 606
1 1536
0 620
1 39660
0 9053
1 2321
0 605
1 531258
0 8975
1 4583
0 640
1 422
0 606
1 605
0 602
1 417
0 602
1 602
0 602
1 415
0 603
1 625
0 620
1 429
0 606
1 603
0 604
1 1533
0 607
1 1722
0 605
1 1726
0 433
1 1732
0 599
1 1672
0 585
1 1669
0 588
1 1669
0 406
1 1688
0 736
1 1576
0 617
1 419
0 607
1 605
0 603
1 1723
0 603
1 1539
0 613
1 610
0 483
1 1740
0 604
1 415
0 606
1 601
0 605
1 1536
0 605
1 1722
0 619
1 419
0 605
1 617
0 602
1 1536
0 603
1 605
0 602
1 1721
0 605
1 39625
0 9076
1 2121
0 606
1 466897
0 8988
1 4368
0 607
1 609
0 615
1 605
0 431
1 619
0 607
1 602
0 605
1 416
0 605
1 602
0 602
1 415
0 605
1 602
0 604
1 1546
0 615
1 1742
0 604
1 1536
0 604
1 1724
0 605
1 1535
0 605
1 1733
0 631
1 1540
0 606
1 1725
0 605
1 421
0 604
1 602
0 603
1 1543
0 617
1 606
0 605
1 421
0 604
1 604
0 605
1 1723
0 603
1 416
0 605
1 1722
0 609
1 1548
0 605
1 607
0 602
1 1536
0 603
1 1725
0 602
1 1537
0 607
1 613
0 602
1 1538
0 607
1 39677
0 9039
1 2313
0 608
1 494996
0 8999
1 4376
0 622
1 608
0 607
1 419
0 605
1 604
0 602
1 604
0 605
1 417
0 606
1 612
0 617
1 419
0 606
1 606
0 603
1 1541
0 624
1 1731
0 604
1 1542
0 604
1 1731
0 615
1 1539
0 606
1 1543
0 609
1 1727
0 607
1 1547
0 622
1 1733
0 604
1 418
0 602
1 1744
0 613
1 416
0 603
1 603
0 606
1 602
0 617
1 1552
0 607
1 416
0 604
1 604
0 605
1 1561
0 605
1 607
0 603
1 1541
0 613
1 1751
0 611
1 1540
0 606
1 621
0 616
1 1539
0 606
1 39782
0 8904
1 2240
0 589
1 393111
0 9052
1 4384
0 609
1 608
0 620
1 423
0 603
1 605
0 615
1 428
0 607
1 603
0 606
1 418
0 604
1 603
0 606
1 604
0 606
1 1539
0 604
1 1726
0 615
1 1552
0 604
1 1541
0 794
1 1538
0 606
1 1561
0 607
1 1603
0 621
1 1731
0 611
1 416
0 606
1 607
0 604
1 605
0 604
1 1562
0 609
1 666
0 432
1 608
0 605
1 1539
0 606
1 603
0 607
1 1540
0 605
1 1728
0 605
1 1545
0 615
1 603
0 604
1 1539
0 604
1 1729
0 606
1 416
0 610
1 1728
0 616
1 39640
0 9104
1 2210
0 492
1 393305
0 9076
1 4572
0 422
1 663
0 643
1 421
0 606
1 603
0 606
1 416
0 604
1 603
0 607
1 603
0 606
1 416
0 606
1 606
0 604
1 1548
0 627
1 1728
0 603
1 1542
0 603
1 1726
0 605
1 1540
0 606
1 1741
0 434
1 1729
0 604
1 1545
0 612
1 1726
0 605
1 607
0 607
1 435
0 625
1 1547
0 606
1 604
0 605
1 603
0 603
1 1541
0 609
1 603
0 603
1 416
0 607
1 1743
0 607
1 1541
0 714
1 425
0 604
1 1726
0 607
1 1539
0 617
1 452
0 618
1 1729
0 608
1 39765
0 8893
1 2309
0 604
1 319025
0 9006
1 4568
0 618
1 418
0 606
1 615
0 618
1 417
0 604
1 605
0 610
1 423
0 605
1 606
0 604
1 607
0 603
1 417
0 604
1 1727
0 605
1 1551
0 620
1 1731
0 426
1 1729
0 607
1 1541
0 604
1 1733
0 615
1 1543
0 622
1 1732
0 607
1 416
0 607
1 603
0 606
1 1538
0 607
1 1738
0 616
1 417
0 607
1 607
0 604
1 1545
0 791
1 419
0 603
1 1728
0 417
1 1732
0 618
1 417
0 811
1 418
0 606
1 1541
0 604
1 1727
0 606
1 603
0 609
1 1556
0 606
1 39641
0 9102
1 2146
0 614
1 333465
0 8988
1 4584
0 435
1 606
0 607
1 608
0 606
1 420
0 605
1 611
0 607
1 418
0 603
1 606
0 605
1 419
0 604
1 606
0 609
1 1551
0 795
1 1540
0 607
1 1562
0 609
1 1731
0 604
1 1518
0 782
1 1495
0 586
1 1690
0 619
1 1563
0 656
1 1851
0 464
1 422
0 608
1 1728
0 606
1 1572
0 627
1 423
0 792
1 417
0 605
1 1553
0 618
1 607
0 603
1 417
0 793
1 1542
0 607
1 433
0 608
1 606
0 603
1 1728
0 604
1 1554
0 617
1 419
0 790
1 1542
0 623
1 374623
0 9010
1 4567
0 446
1 613
0 609
1 611
0 422
1 610
0 628
1 621
0 611
1 422
0 609
1 611
0 432
1 609
0 612
1 608
0 612
1 1546
0 610
1 1543
0 630
1 1735
0 618
1 1554
0 609
1 1733
0 609
1 1558
0 620
1 1573
0 619
1 1738
0 436
1 609
0 611
1 609
0 609
1 1548
0 610
1 610
0 608
1 1549
0 612
1 611
0 425
1 1747
0 611
1 422
0 612
1 1729
0 610
1 1544
0 628
1 611
0 610
1 1554
0 624
1 612
0 609
1 1545
0 609
1 611
0 608
1 1545
0 613
1 39761
0 9066
1 2148
0 614
1 357042
0 9090
1 4417
0 631
1 426
0 612
1 608
0 612
1 422
0 611
1 608
0 609
1 611
0 422
1 611
0 608
1 611
0 609
1 424
0 610
1 1634
0 627
1 1544
0 799
1 1543
0 611
1 1544
0 609
1 1736
0 621
1 1546
0 609
1 1734
0 608
1 1545
0 610
1 1731
0 612
1 432
0 610
1 1733
0 425
1 608
0 611
1 1734
0 609
1 424
0 609
1 1547
0 667
1 472
0 613
1 608
0 610
1 1547
0 795
1 421
0 610
1 1547
0 611
1 609
0 608
1 1616
0 627
1 421
0 610
1 1734
0 609
1 39796
0 8977
1 2206
0 619
1 333983
0 9099
1 4491
0 667
1 427
0 613
1 610
0 425
1 609
0 609
1 610
0 611
1 421
0 622
1 449
0 610
1 609
0 609
1 617
0 428
1 1733
0 609
1 1551
0 620
1 1736
0 618
1 1564
0 613
1 1566
0 618
1 1733
0 611
1 1545
0 610
1 1632
0 638
1 613
0 423
1 621
0 612
1 425
0 608
1 611
0 610
1 1545
0 613
1 608
0 610
1 1552
0 635
1 609
0 618
1 1552
0 611
1 1735
0 609
1 1546
0 609
1 1552
0 622
1 610
0 612
1 1550
0 613
1 610
0 612
1 1545
0 610
1 39684
0 9100
1 2134
0 616
1 329705
0 9001
1 4397
0 629
1 611
0 625
1 426
0 615
1 613
0 611
1 424
0 608
1 611
0 609
1 428
0 621
1 611
0 609
1 422
0 607
1 1732
0 634
1 1547
0 612
1 1545
0 611
1 1736
0 622
1 1544
0 609
1 1755
0 611
1 1546
0 609
1 1547
0 629
1 1735
0 612
1 421
0 612
1 609
0 635
1 423
0 612
1 1732
0 608
1 424
0 609
1 1737
0 621
1 424
0 609
1 611
0 421
1 1778
0 640
1 1552
0 614
1 1562
0 632
1 609
0 613
1 1545
0 610
1 670
0 438
1 1746
0 612
1 296086
0 9000
1 4589
0 616
1 422
0 610
1 609
0 611
1 432
0 609
1 611
0 610
1 422
0 611
1 608
0 612
1 423
0 612
1 608
0 624
1 1546
0 611
1 1557
0 623
1 1735
0 612
1 1548
0 608
1 1755
0 431
1 1826
0 447
1 1734
0 612
1 1546
0 612
1 609
0 610
1 422
0 630
1 1740
0 611
1 1550
0 620
1 1545
0 609
1 611
0 611
1 421
0 610
1 609
0 633
1 1548
0 612
1 1735
0 620
1 421
0 609
1 610
0 609
1 424
0 609
1 1731
0 610
1 1546
0 609
1 1549
0 623
1 39685
0 9070
1 2308
0 611
1 325121
0 9159
1 4384
0 625
1 424
0 609
1 611
0 612
1 609
0 424
1 608
0 611
1 608
0 611
1 421
0 639
1 427
0 624
1 607
0 608
1 1546
0 610
1 1733
0 609
1 1547
0 609
1 1757
0 622
1 1543
0 611
1 1543
0 610
1 1731
0 609
1 1544
0 609
1 1736
0 620
1 424
0 609
1 1733
0 611
1 1543
0 611
1 1746
0 422
1 610
0 619
1 422
0 611
1 608
0 611
1 610
0 608
1 1546
0 609
1 424
0 608
1 611
0 608
1 488
0 632
1 1623
0 685
1 1579
0 623
1 1542
0 614
1 39694
0 8986
1 2327
0 612
1 259671
0 8995
1 4389
0 661
1 465
0 653
1 473
0 652
1 438
0 612
1 612
0 610
1 424
0 609
1 611
0 613
1 614
0 616
1 436
0 617
1 1568
0 620
1 1734
0 609
1 1557
0 624
1 1547
0 613
1 1777
0 437
1 1736
0 612
1 1549
0 612
1 1732
0 612
1 1550
0 644
1 1564
0 617
1 1734
0 610
1 1546
0 609
1 1733
0 522
1 444
0 805
1 427
0 612
1 422
0 612
1 610
0 611
1 422
0 611
1 610
0 610
1 610
0 608
1 422
0 609
1 1552
0 631
1 1666
0 610
1 1730
0 606
1 39661
0 8971
1 2316
0 609
1 297536
0 8974
1 4376
0 609
1 605
0 611
1 432
0 606
1 604
0 603
1 416
0 613
1 609
0 604
1 611
0 610
1 421
0 604
1 605
0 605
1 1540
0 610
1 1739
0 607
1 1564
0 613
1 1539
0 793
1 1540
0 604
1 1549
0 618
1 1727
0 604
1 1542
0 603
1 603
0 605
1 1540
0 606
1 1729
0 618
1 1538
0 615
1 1729
0 604
1 419
0 603
1 605
0 603
1 419
0 790
1 1550
0 618
1 416
0 604
1 620
0 617
1 417
0 606
1 603
0 602
1 1725
0 603
1 1544
0 615
1 1541
0 790
1 39610
0 9078
1 2138
0 606
1 198823
0 8983
1 4407
0 620
1 608
0 606
1 416
0 606
1 672
0 622
1 418
0 607
1 604
0 606
1 416
0 603
1 602
0 627
1 419
0 606
1 1728
0 604
1 1545
0 616
1 1727
0 608
1 1539
0 627
1 1726
0 607
1 1539
0 607
1 1741
0 419
1 1725
0 604
1 1548
0 605
1 1725
0 604
1 606
0 610
1 1550
0 607
1 1541
0 604
1 603
0 614
1 431
0 620
1 621
0 628
1 459
0 616
1 609
0 491
1 1749
0 606
1 419
0 605
1 606
0 605
1 1551
0 611
1 1724
0 607
1 1545
0 622
1 39758
0 8904
1 2333
0 612
1 241279
0 9046
1 4407
0 613
1 604
0 607
1 418
0 618
1 603
0 607
1 603
0 603
1 416
0 604
1 606
0 605
1 419
0 791
1 438
0 603
1 1544
0 604
1 1608
0 618
1 1728
0 606
1 1539
0 607
1 1737
0 609
1 1604
0 617
1 1543
0 604
1 1728
0 603
1 418
0 793
1 1540
0 611
1 417
0 605
1 1728
0 618
1 1539
0 791
1 416
0 606
1 606
0 603
1 428
0 604
1 1729
0 468
1 620
0 604
1 1544
0 609
1 605
0 607
1 416
0 605
1 1744
0 609
1 1542
0 611
1 1744
0 604
1 39599
0 9085
1 2119
0 607
1 217879
0 9193
1 4442
0 619
1 419
0 605
1 603
0 604
1 436
0 618
1 607
0 506
1 625
0 609
1 416
0 605
1 602
0 603
1 416
0 603
1 1723
0 604
1 1560
0 611
1 1747
0 629
1 1540
0 607
1 1725
0 605
1 1539
0 607
1 1560
0 629
1 1730
0 605
1 1539
0 603
1 605
0 602
1 606
0 605
1 1557
0 608
1 1542
0 618
1 603
0 604
1 417
0 605
1 604
0 605
1 606
0 603
1 1540
0 603
1 1748
0 446
1 608
0 603
1 606
0 605
1 1538
0 605
1 1722
0 603
1 1541
0 612
1 39610
0 9072
1 2195
0 622
1 308000
0 8983
1 4428
0 640
1 422
0 604
1 608
0 605
1 417
0 789
1 420
0 603
1 606
0 605
1 417
0 668
1 436
0 621
1 609
0 605
1 1540
0 606
1 1727
0 604
1 1538
0 604
1 1595
0 644
1 1734
0 604
1 1539
0 604
1 1724
0 605
1 1539
0 611
1 616
0 625
1 423
0 606
1 606
0 603
1 1539
0 604
1 1727
0 604
1 419
0 602
1 606
0 607
1 429
0 605
1 1727
0 607
1 1539
0 794
1 1536
0 605
1 416
0 791
1 470
0 617
1 1565
0 605
1 1728
0 604
1 1538
0 603
1 39676
0 9127
1 2135
0 606
1 95883
0 8965
1 2319
0 421
1 397812
0 8969
1 4450
0 618
1 420
0 608
1 607
0 608
1 437
0 604
1 606
0 603
1 606
0 603
1 429
0 606
1 604
0 605
1 417
0 605
1 1728
0 606
1 1550
0 619
1 1729
0 604
1 1542
0 605
1 1729
0 604
1 1541
0 614
1 1726
0 604
1 1560
0 608
1 603
0 605
1 416
0 603
1 1728
0 604
1 425
0 615
1 1727
0 604
1 418
0 602
1 605
0 606
1 419
0 604
1 1729
0 606
1 1542
0 617
1 603
0 604
1 1539
0 607
1 617
0 606
1 1541
0 604
1 1728
0 657
1 1557
0 605
1 39644
0 9126
1 2128
0 608
1 340909
0 9069
1 4524
0 472
1 620
0 617
1 533
0 642
1 431
0 622
1 444
0 636
1 630
0 619
1 429
0 620
1 427
0 648
1 634
0 632
1 1603
0 673
1 1568
0 464
1 1736
0 607
1 1541
0 607
1 1740
0 615
1 1555
0 636
1 1543
0 607
1 1726
0 608
1 1561
0 615
1 1728
0 610
1 1557
0 605
1 606
0 603
1 1543
0 608
1 611
0 629
1 448
0 649
1 459
0 654
1 459
0 641
1 446
0 797
1 417
0 606
1 1731
0 611
1 419
0 604
1 1738
0 429
1 1730
0 615
1 1563
0 609
1 39655
0 9088
1 2310
0 607
1 203900
0 8933
1 4391
0 625
1 604
0 607
1 415
0 607
1 602
0 603
1 602
0 605
1 416
0 604
1 623
0 604
1 418
0 605
1 617
0 604
1 1535
0 602
1 1724
0 605
1 1534
0 654
1 1561
0 615
1 1733
0 607
1 1539
0 797
1 1539
0 602
1 1537
0 794
1 1542
0 616
1 418
0 603
1 1723
0 604
1 416
0 789
1 1536
0 605
1 606
0 605
1 415
0 614
1 622
0 603
1 418
0 602
1 1724
0 603
1 418
0 603
1 1723
0 605
1 428
0 636
1 1624
0 697
1 1561
0 608
1 1723
0 604
1 39566
0 9137
1 2176
0 609
1 322476
0 8970
1 4395
0 626
1 607
0 603
1 419
0 603
1 605
0 602
1 605
0 604
1 416
0 602
1 612
0 617
1 421
0 606
1 603
0 604
1 1537
0 602
1 1724
0 603
1 1540
0 603
1 1737
0 625
1 1542
0 602
1 1725
0 605
1 1536
0 603
1 1735
0 452
1 605
0 606
1 1724
0 603
1 1538
0 602
1 604
0 602
1 1538
0 605
1 615
0 620
1 415
0 605
1 602
0 602
1 1536
0 604
1 602
0 602
1 602
0 512
1 1731
0 494
1 622
0 620
1 1541
0 604
1 1723
0 602
1 1536
0 605
1 39758
0 8919
1 2320
0 610
1 303431
0 8887
1 4428
0 594
1 590
0 589
1 585
0 588
1 718
0 507
1 468
0 605
1 416
0 604
1 627
0 610
1 416
0 605
1 606
0 603
1 1723
0 603
1 1543
0 620
1 1539
0 603
1 1727
0 606
1 1536
0 605
1 1722
0 605
1 1546
0 618
1 1728
0 604
1 1539
0 602
1 602
0 603
1 604
0 605
1 416
0 604
1 1722
0 616
1 415
0 623
1 610
0 605
1 415
0 604
1 602
0 602
1 1538
0 603
1 1732
0 613
1 1537
0 618
1 604
0 607
1 1536
0 606
1 1722
0 605
1 1546
0 616
1 39737
0 9050
1 2306
0 430
1 222962
0 9071
1 4542
0 462
1 631
0 635
1 431
0 613
1 614
0 617
1 422
0 617
1 618
0 437
1 619
0 619
1 427
0 617
1 621
0 638
1 1628
0 471
1 1758
0 625
1 1588
0 686
1 1461
0 720
1 1576
0 615
1 1553
0 635
1 1726
0 606
1 1549
0 625
1 604
0 606
1 1538
0 603
1 514
0 624
1 606
0 604
1 1539
0 606
1 609
0 608
1 420
0 603
1 603
0 606
1 1538
0 797
1 430
0 607
1 1550
0 807
1 1563
0 611
1 419
0 604
1 1726
0 603
1 1552
0 627
1 1728
0 606
1 39562
0 9098
1 2122
0 606
1 151911
0 8949
1 4577
0 624
1 420
0 606
1 605
0 602
1 418
0 789
1 418
0 602
1 610
0 429
1 605
0 603
1 606
0 605
1 416
0 607
1 1734
0 607
1 1538
0 604
1 1741
0 444
1 1728
0 604
1 1545
0 614
1 1725
0 603
1 1540
0 603
1 1743
0 625
1 430
0 622
1 622
0 453
1 647
0 617
1 417
0 605
1 1728
0 604
1 422
0 601
1 615
0 611
1 425
0 603
1 1726
0 611
1 1552
0 605
1 1725
0 605
1 1559
0 622
1 608
0 605
1 1541
0 607
1 1741
0 603
1 1539
0 603
1 39784
0 8918
1 2307
0 608
1 294294
0 8980
1 4556
0 624
1 420
0 608
1 604
0 607
1 417
0 625
1 613
0 605
1 486
0 604
1 589
0 586
1 407
0 766
1 407
0 586
1 1676
0 585
1 1675
0 606
1 1565
0 627
1 1728
0 607
1 1540
0 606
1 1728
0 603
1 1543
0 608
1 1729
0 616
1 1541
0 605
1 1725
0 606
1 416
0 606
1 603
0 481
1 1780
0 622
1 418
0 604
1 606
0 603
1 418
0 603
1 605
0 603
1 419
0 603
1 1728
0 626
1 1551
0 619
1 602
0 606
1 1538
0 606
1 1726
0 604
1 1540
0 610
1 39811
0 8912
1 2326
0 480
1 213663
0 9156
1 4372
0 607
1 604
0 605
1 416
0 614
1 625
0 608
1 416
0 606
1 603
0 607
1 606
0 603
1 417
0 603
1 605
0 603
1 1542
0 604
1 1730
0 618
1 1540
0 606
1 1724
0 606
1 1540
0 606
1 1754
0 627
1 1541
0 604
1 1542
0 603
1 605
0 603
1 605
0 604
1 1540
0 606
1 1554
0 806
1 416
0 606
1 602
0 606
1 415
0 606
1 603
0 602
1 1541
0 604
1 1736
0 618
1 423
0 603
1 606
0 603
1 1540
0 607
1 1731
0 614
1 1540
0 606
1 1748
0 439
1 39783
0 8944
1 2310
0 607
1 247009
0 9012
1 4420
0 635
1 610
0 603
1 415
0 603
1 603
0 603
1 419
0 603
1 604
0 610
1 618
0 607
1 437
0 609
1 604
0 603
1 1539
0 606
1 1726
0 603
1 1546
0 616
1 1561
0 606
1 1725
0 603
1 1537
0 606
1 1726
0 606
1 1541
0 617
1 1749
0 607
1 1540
0 602
1 1726
0 603
1 1544
0 615
1 606
0 684
1 437
0 610
1 417
0 606
1 603
0 606
1 605
0 605
1 416
0 606
1 602
0 602
1 417
0 860
1 1373
0 605
1 1742
0 605
1 1539
0 603
1 1727
0 605
1 39590
0 9071
1 2310
0 426
1 256697
0 9167
1 4380
0 622
1 420
0 606
1 605
0 603
1 416
0 623
1 604
0 603
1 419
0 603
1 607
0 604
1 606
0 606
1 416
0 611
1 1741
0 609
1 1554
0 616
1 1541
0 606
1 1728
0 604
1 1550
0 615
1 1739
0 609
1 1562
0 614
1 1728
0 607
1 1538
0 617
1 430
0 607
1 1727
0 606
1 1549
0 607
1 605
0 604
1 605
0 604
1 418
0 604
1 605
0 613
1 427
0 603
1 1726
0 608
1 420
0 605
1 606
0 604
1 1540
0 604
1 1729
0 486
1 1745
0 604
1 1543
0 608
1 39728
0 8958
1 2327
0 621
1 247295
0 8955
1 4379
0 615
1 607
0 608
1 606
0 616
1 429
0 605
1 606
0 604
1 419
0 603
1 605
0 603
1 416
0 602
1 613
0 607
1 1543
0 792
1 1543
0 618
1 1540
0 607
1 1725
0 620
1 1549
0 607
1 1727
0 614
1 1551
0 604
1 1543
0 605
1 605
0 626
1 1586
0 682
1 1586
0 633
1 1561
0 614
1 604
0 603
1 417
0 790
1 418
0 607
1 428
0 608
1 1731
0 606
1 616
0 616
1 417
0 606
1 604
0 607
1 1539
0 606
1 1565
0 609
1 1725
0 604
1 1552
0 616
1 39803
0 8926
1 2322
0 606
1 247371
0 9018
1 4448
0 657
1 420
0 607
1 605
0 608
1 420
0 618
1 609
0 487
1 623
0 614
1 442
0 605
1 606
0 603
1 416
0 603
1 1728
0 604
1 1541
0 617
1 1745
0 621
1 1541
0 603
1 1726
0 603
1 1541
0 605
1 1556
0 606
1 1736
0 616
1 1542
0 603
1 604
0 607
1 416
0 792
1 1560
0 622
1 421
0 603
1 613
0 618
1 416
0 606
1 606
0 603
1 606
0 603
1 1470
0 608
1 1735
0 609
1 418
0 790
1 1543
0 618
1 1538
0 794
1 1539
0 608
1 1558
0 607
1 39799
0 9070
1 2120
0 608
1 266463
0 8994
1 4389
0 622
1 607
0 609
1 417
0 607
1 604
0 604
1 416
0 605
1 606
0 605
1 607
0 603
1 419
0 604
1 606
0 625
1 1545
0 623
1 1727
0 608
1 1540
0 608
1 1542
0 795
1 1549
0 620
1 1547
0 604
1 1731
0 604
1 1542
0 604
1 604
0 614
1 1562
0 630
1 604
0 604
1 1541
0 608
1 606
0 603
1 417
0 790
1 418
0 602
1 419
0 604
1 1749
0 621
1 419
0 604
1 1731
0 607
1 416
0 606
1 1725
0 607
1 1540
0 662
1 1704
0 589
1 1496
0 768
1 39543
0 9106
1 2127
0 605
1 185607
0 8998
1 4406
0 614
1 605
0 606
1 416
0 605
1 602
0 605
1 416
0 611
1 618
0 622
1 422
0 604
1 603
0 603
1 419
0 603
1 1726
0 604
1 1542
0 789
1 1548
0 621
1 1538
0 606
1 1726
0 606
1 1538
0 603
1 1726
0 697
1 1552
0 609
1 419
0 602
1 606
0 606
1 603
0 458
1 1740
0 609
1 418
0 605
1 606
0 623
1 423
0 613
1 612
0 606
1 1542
0 603
1 1730
0 603
1 1539
0 603
1 616
0 673
1 1564
0 615
1 1540
0 606
1 1726
0 606
1 1540
0 603
1 39728
0 9096
1 2138
0 617
1 223673
0 8995
1 4570
0 609
1 421
0 610
1 626
0 604
1 419
0 603
1 666
0 428
1 611
0 603
1 606
0 606
1 417
0 606
1 604
0 606
1 1539
0 609
1 1737
0 607
1 1543
0 606
1 1727
0 603
1 1542
0 602
1 1737
0 618
1 1554
0 610
1 1542
0 605
1 1726
0 606
1 1538
0 614
1 617
0 605
1 1540
0 607
1 606
0 603
1 605
0 603
1 416
0 603
1 604
0 606
1 416
0 606
1 612
0 618
1 1538
0 607
1 612
0 608
1 1541
0 605
1 1729
0 603
1 1542
0 620
1 1728
0 604
1 39656
0 9020
1 2163
0 617
1 242916
0 9150
1 4382
0 652
1 3957
0 636
1 428
0 614
1 421
0 604
1 605
0 602
1 618
0 618
1 1536
0 603
1 1722
0 429
1 1726
0 607
1 1536
0 792
1 1539
0 615
1 1540
0 605
1 1746
0 607
1 1538
0 602
1 604
0 604
1 418
0 617
1 1725
0 605
1 601
0 605
1 415
0 614
1 602
0 602
1 416
0 603
1 603
0 602
1 1550
0 614
1 1724
0 649
1 431
0 606
1 1580
0 618
1 1722
0 608
1 1551
0 616
1 1723
0 603
1 1537
0 605
1 39793
0 8891
1 2314
0 608
1 95787
0 9083
1 2116
0 793
1 123408
0 9015
1 4366
0 630
1 610
0 604
1 420
0 601
1 604
0 602
1 601
0 626
1 427
0 609
1 602
0 605
1 416
0 611
1 618
0 605
1 1533
0 605
1 1724
0 603
1 1540
0 605
1 1724
0 613
1 1549
0 606
1 1721
0 605
1 1533
0 622
1 1725
0 604
1 1543
0 619
1 1538
0 788
1 1537
0 602
1 604
0 620
1 417
0 601
1 602
0 605
1 416
0 614
1 613
0 606
1 416
0 605
1 602
0 605
1 602
0 602
1 1539
0 623
1 1725
0 603
1 1543
0 616
1 1536
0 603
1 1724
0 606
1 39728
0 8980
1 2146
0 633
1 281505
0 9048
1 4583
0 453
1 606
0 606
1 417
0 605
1 602
0 604
1 605
0 601
1 415
0 607
1 680
0 440
1 624
0 603
1 418
0 601
1 1722
0 602
1 1535
0 606
1 1724
0 627
1 1557
0 619
1 1721
0 602
1 1538
0 603
1 1722
0 603
1 1538
0 615
1 1748
0 606
1 418
0 606
1 1723
0 605
1 415
0 604
1 602
0 604
1 605
0 435
1 612
0 609
1 435
0 792
1 415
0 602
1 1724
0 416
1 603
0 601
1 1723
0 603
1 1604
0 611
1 1674
0 588
1 1488
0 587
1 1675
0 585
1 39856
0 9030
1 2139
0 607
1 95810
0 9148
1 2183
0 620
1 305113
0 8991
1 4401
0 612
1 606
0 607
1 417
0 604
1 602
0 604
1 602
0 607
1 431
0 603
1 625
0 605
1 416
0 604
1 606
0 603
1 1539
0 603
1 1724
0 603
1 1545
0 617
1 1729
0 606
1 1537
0 605
1 1720
0 604
1 1535
0 607
1 1750
0 609
1 419
0 602
1 1725
0 603
1 1536
0 602
1 603
0 605
1 488
0 624
1 604
0 415
1 604
0 606
1 603
0 604
1 1535
0 602
1 605
0 603
1 418
0 601
1 1737
0 614
1 1547
0 605
1 1726
0 604
1 1536
0 606
1 1722
0 605
1 39624
0 9084
1 2132
0 620
