0 465
1 3179048
0 9160
1 4427
0 636
1 430
0 608
1 606
0 610
1 421
0 608
1 607
0 609
1 420
0 608
1 607
0 609
1 498
0 684
1 426
0 609
1 1734
0 429
1 1727
0 607
1 1541
0 607
1 1789
0 435
1 1745
0 611
1 1540
0 610
1 1725
0 607
1 1538
0 615
1 617
0 607
1 423
0 606
1 618
0 608
1 423
0 606
1 609
0 609
1 605
0 422
1 1724
0 609
1 606
0 614
1 1551
0 609
1 1541
0 609
1 1723
0 606
1 1545
0 614
1 1711
0 611
1 1696
0 597
1 409
0 589
1 1674
0 591
1 39724
0 9046
1 2114
0 610
1 1583693
0 8959
1 4375
0 612
1 609
0 659
1 434
0 613
1 608
0 608
1 422
0 624
1 605
0 607
1 419
0 611
1 607
0 605
1 422
0 629
1 1734
0 614
1 1544
0 611
1 1739
0 435
1 1740
0 608
1 1539
0 661
1 1565
0 611
1 1743
0 618
1 1563
0 607
1 1731
0 420
1 608
0 611
1 609
0 431
1 607
0 611
1 629
0 424
1 614
0 621
1 1726
0 419
1 611
0 608
1 607
0 605
1 1577
0 624
1 1545
0 620
1 1741
0 421
1 1722
0 610
1 1756
0 425
1 605
0 630
1 1537
0 614
1 39771
0 9043
1 2160
0 627
1 95865
0 9098
1 2127
0 618
1 1137459
0 9002
1 4398
0 624
1 607
0 426
1 627
0 608
1 608
0 607
1 425
0 629
1 610
0 612
1 422
0 608
1 607
0 613
1 420
0 609
1 1618
0 606
1 1767
0 424
1 1736
0 609
1 1726
0 419
1 1740
0 452
1 1757
0 614
1 1729
0 422
1 1734
0 606
1 1546
0 614
1 620
0 611
1 1550
0 614
1 1736
0 606
1 1565
0 611
1 609
0 422
1 1733
0 621
1 608
0 422
1 628
0 609
1 1548
0 610
1 606
0 608
1 605
0 422
1 611
0 609
1 1559
0 629
1 609
0 628
1 1547
0 617
1 39753
0 9070
1 2119
0 609
1 95915
0 9077
1 2206
0 622
1 876490
0 9012
1 4439
0 624
1 609
0 607
1 420
0 611
1 609
0 608
1 422
0 610
1 610
0 543
1 623
0 441
1 616
0 607
1 609
0 422
1 1736
0 606
1 1554
0 610
1 1736
0 623
1 1552
0 609
1 1729
0 630
1 1548
0 612
1 1542
0 609
1 1755
0 626
1 424
0 610
1 631
0 612
1 1540
0 612
1 1544
0 612
1 1737
0 617
1 465
0 614
1 1728
0 609
1 423
0 608
1 1728
0 609
1 1565
0 611
1 431
0 621
1 632
0 610
1 418
0 612
1 1736
0 606
1 421
0 609
1 1738
0 609
1 39594
0 8997
1 2325
0 629
1 95835
0 8974
1 2136
0 613
1 931688
0 9084
1 4421
0 638
1 612
0 437
1 614
0 607
1 609
0 606
1 422
0 609
1 610
0 612
1 423
0 679
1 438
0 610
1 610
0 607
1 1539
0 615
1 1738
0 618
1 1544
0 606
1 1735
0 424
1 1677
0 592
1 1705
0 595
1 1676
0 589
1 1548
0 627
1 611
0 610
1 419
0 614
1 1749
0 428
1 609
0 611
1 610
0 609
1 422
0 608
1 1738
0 434
1 629
0 611
1 1574
0 620
1 1753
0 430
1 609
0 609
1 1563
0 611
1 1739
0 619
1 1543
0 606
1 615
0 610
1 1543
0 612
1 39678
0 9112
1 2220
0 455
1 1047417
0 9074
1 4389
0 634
1 612
0 607
1 424
0 606
1 633
0 431
1 614
0 610
1 611
0 606
1 421
0 614
1 611
0 420
1 608
0 612
1 1600
0 626
1 1727
0 612
1 1555
0 611
1 1740
0 420
1 1741
0 624
1 1542
0 632
1 1751
0 611
1 1550
0 609
1 1549
0 612
1 619
0 627
1 1564
0 633
1 616
0 441
1 613
0 611
1 607
0 420
1 1735
0 611
1 613
0 428
1 619
0 609
1 1544
0 609
1 611
0 616
1 1546
0 613
1 1731
0 609
1 1546
0 617
1 615
0 606
1 1620
0 619
1 39753
0 9012
1 2162
0 488
1 95960
0 9169
1 2143
0 611
1 1256270
0 9040
1 4394
0 628
1 610
0 611
1 423
0 606
1 635
0 609
1 425
0 610
1 610
0 612
1 442
0 608
1 607
0 612
1 426
0 610
1 1747
0 609
1 1545
0 613
1 1725
0 610
1 1553
0 610
1 1561
0 609
1 1727
0 609
1 1548
0 609
1 1729
0 628
1 1550
0 612
1 606
0 422
1 610
0 610
1 1724
0 609
1 1570
0 616
1 433
0 609
1 1748
0 609
1 420
0 610
1 611
0 609
1 1562
0 614
1 1735
0 620
1 425
0 606
1 612
0 623
1 1541
0 774
1 440
0 617
1 1546
0 607
1 39784
0 8932
1 2248
0 712
1 95856
0 9122
1 2125
0 608
1 1103436
0 8999
1 4394
0 640
1 615
0 425
1 611
0 610
1 610
0 613
1 422
0 608
1 620
0 434
1 607
0 626
1 610
0 422
1 629
0 613
1 1538
0 615
1 1728
0 611
1 1551
0 620
1 1760
0 423
1 1725
0 608
1 1725
0 425
1 1747
0 620
1 1519
0 599
1 591
0 593
1 592
0 590
1 587
0 590
1 1514
0 592
1 1675
0 643
1 466
0 612
1 1741
0 613
1 420
0 611
1 1564
0 610
1 1726
0 615
1 1547
0 618
1 618
0 613
1 420
0 628
1 1733
0 636
1 431
0 615
1 1736
0 471
1 39677
0 9102
1 2149
0 625
1 1073150
0 9035
1 4488
0 618
1 422
0 613
1 608
0 622
1 433
0 620
1 644
0 463
1 658
0 462
1 652
0 618
1 435
0 613
1 616
0 612
1 1541
0 608
1 1736
0 467
1 1767
0 616
1 1543
0 611
1 1549
0 609
1 1731
0 601
1 1659
0 588
1 1560
0 608
1 614
0 610
1 422
0 609
1 609
0 606
1 1576
0 628
1 609
0 434
1 544
0 610
1 1722
0 604
1 602
0 603
1 1564
0 604
1 1545
0 617
1 1727
0 610
1 415
0 603
1 1748
0 607
1 1534
0 602
1 606
0 603
1 1558
0 619
1 39813
0 8974
1 2229
0 623
1 95907
0 9114
1 2188
0 620
1 1074828
0 9067
1 4393
0 612
1 447
0 632
1 609
0 606
1 416
0 607
1 607
0 607
1 607
0 602
1 420
0 600
1 602
0 605
1 604
0 422
1 1754
0 616
1 1542
0 602
1 1730
0 606
1 1540
0 606
1 1734
0 431
1 1754
0 609
1 1545
0 604
1 1747
0 607
1 1541
0 605
1 609
0 639
1 436
0 644
1 1676
0 477
1 610
0 611
1 602
0 418
1 1728
0 603
1 606
0 602
1 436
0 628
1 1771
0 424
1 1733
0 607
1 418
0 604
1 1726
0 607
1 1719
0 599
1 408
0 586
1 1670
0 586
1 39868
0 8947
1 2151
0 607
1 1084176
0 9211
1 4383
0 626
1 421
0 603
1 600
0 607
1 605
0 414
1 604
0 603
1 607
0 602
1 496
0 614
1 605
0 600
1 438
0 602
1 1731
0 602
1 1561
0 606
1 1540
0 605
1 1783
0 431
1 1723
0 608
1 1733
0 416
1 1726
0 603
1 1722
0 615
1 1554
0 612
1 603
0 602
1 1536
0 603
1 601
0 604
1 1533
0 663
1 619
0 612
1 1548
0 616
1 608
0 603
1 418
0 603
1 1718
0 604
1 417
0 609
1 1731
0 617
1 415
0 629
1 1723
0 604
1 419
0 601
1 1727
0 607
1 39783
0 9086
1 2174
0 801
1 1089155
0 9024
1 4506
0 630
1 418
0 607
1 603
0 601
1 609
0 415
1 606
0 603
1 605
0 602
1 419
0 606
1 629
0 604
1 417
0 627
1 1728
0 605
1 1560
0 603
1 1731
0 601
1 1549
0 612
1 1555
0 604
1 1723
0 604
1 1722
0 606
1 1545
0 622
1 431
0 626
1 604
0 624
1 1536
0 602
1 600
0 601
1 1722
0 603
1 419
0 612
1 1733
0 429
1 603
0 602
1 1722
0 421
1 1723
0 629
1 605
0 607
1 1540
0 618
1 606
0 606
1 1543
0 603
1 603
0 609
1 1537
0 604
1 39699
0 9086
1 2120
0 606
1 96053
0 8909
1 2313
0 605
1 1492576
0 9026
1 4472
0 629
1 419
0 606
1 601
0 601
1 606
0 605
1 421
0 610
1 605
0 605
1 417
0 681
1 434
0 617
1 603
0 610
1 1539
0 604
1 1755
0 607
1 1539
0 603
1 1731
0 620
1 1561
0 609
1 1545
0 605
1 1719
0 601
1 1539
0 608
1 616
0 607
1 615
0 605
1 1547
0 601
1 1722
0 601
1 415
0 602
1 602
0 628
1 1548
0 642
1 421
0 791
1 1546
0 604
1 1537
0 628
1 608
0 601
1 606
0 604
1 1550
0 621
1 1549
0 602
1 606
0 608
1 1557
0 603
1 39689
0 9082
1 2310
0 607
1 95875
0 9004
1 2160
0 609
1 1021099
0 9017
1 4377
0 624
1 606
0 607
1 416
0 609
1 611
0 623
1 417
0 606
1 604
0 605
1 420
0 603
1 606
0 600
1 608
0 430
1 1735
0 610
1 1555
0 612
1 1727
0 605
1 1534
0 606
1 1736
0 614
1 1556
0 620
1 1733
0 607
1 1538
0 606
1 1564
0 620
1 605
0 605
1 1557
0 607
1 1733
0 601
1 437
0 604
1 608
0 601
1 1546
0 614
1 606
0 602
1 605
0 419
1 1769
0 608
1 415
0 604
1 604
0 602
1 1536
0 617
1 1741
0 601
1 416
0 622
1 1735
0 601
1 39661
0 9084
1 2125
0 605
1 96009
0 9107
1 2139
0 613
1 920051
0 8969
1 4563
0 613
1 423
0 609
1 614
0 601
1 604
0 600
1 417
0 606
1 601
0 606
1 417
0 604
1 602
0 627
1 423
0 604
1 1781
0 433
1 1732
0 603
1 1723
0 626
1 1548
0 625
1 1538
0 606
1 1735
0 617
1 1548
0 608
1 1731
0 605
1 1541
0 607
1 608
0 415
1 609
0 617
1 627
0 604
1 1536
0 604
1 608
0 604
1 1534
0 619
1 602
0 605
1 417
0 708
1 1524
0 601
1 1666
0 586
1 1676
0 587
1 606
0 603
1 1675
0 584
1 423
0 624
1 1722
0 602
1 39706
0 9002
1 2076
0 585
1 95908
0 9153
1 2184
0 623
1 804996
0 9013
1 4574
0 471
1 623
0 608
1 415
0 606
1 601
0 604
1 604
0 414
1 601
0 606
1 603
0 604
1 606
0 417
1 613
0 618
1 1548
0 608
1 1723
0 607
1 1547
0 612
1 1729
0 607
1 1549
0 538
1 1742
0 609
1 1569
0 608
1 1724
0 601
1 417
0 601
1 613
0 615
1 418
0 629
1 604
0 628
1 1549
0 613
1 607
0 604
1 1534
0 605
1 604
0 601
1 1553
0 623
1 1736
0 609
1 1535
0 609
1 1723
0 606
1 437
0 608
1 1709
0 447
1 615
0 609
1 1726
0 600
1 39538
0 9190
1 2152
0 605
1 95884
0 9077
1 2132
0 606
1 881744
0 9047
1 4410
0 607
1 591
0 586
1 583
0 610
1 409
0 765
1 403
0 590
1 583
0 588
1 595
0 592
1 402
0 588
1 584
0 586
1 1757
0 627
1 1541
0 606
1 1726
0 607
1 1546
0 609
1 1564
0 615
1 1723
0 609
1 1538
0 604
1 1773
0 606
1 1542
0 601
1 1611
0 615
1 1732
0 604
1 1543
0 606
1 1647
0 615
1 607
0 416
1 648
0 599
1 586
0 584
1 403
0 608
1 593
0 583
1 588
0 586
1 586
0 610
1 414
0 588
1 1673
0 686
1 1572
0 613
1 1530
0 605
1 39769
0 8935
1 2311
0 607
1 95921
0 8985
1 2264
0 590
1 95797
0 9148
1 2190
0 506
1 753335
0 9074
1 4575
0 607
1 421
0 606
1 615
0 525
1 626
0 422
1 605
0 604
1 601
0 605
1 417
0 604
1 603
0 610
1 414
0 607
1 1731
0 609
1 1565
0 605
1 1726
0 605
1 1533
0 608
1 1744
0 610
1 1541
0 618
1 1727
0 609
1 1542
0 605
1 606
0 601
1 1534
0 603
1 1731
0 616
1 1586
0 632
1 1567
0 629
1 606
0 604
1 415
0 604
1 601
0 602
1 1551
0 620
1 634
0 423
1 610
0 606
1 601
0 601
1 418
0 601
1 1724
0 604
1 1557
0 615
1 1724
0 422
1 39882
0 8892
1 2337
0 606
1 95812
0 9057
1 2150
0 625
1 902620
0 9015
1 4379
0 613
1 605
0 617
1 428
0 791
1 419
0 604
1 602
0 605
1 416
0 601
1 607
0 601
1 417
0 604
1 604
0 617
1 1536
0 607
1 1734
0 606
1 1545
0 603
1 1747
0 603
1 1547
0 605
1 1734
0 624
1 1560
0 606
1 1716
0 605
1 1555
0 618
1 416
0 603
1 1745
0 614
1 1534
0 601
1 1729
0 600
1 419
0 605
1 660
0 607
1 421
0 616
1 611
0 617
1 1535
0 602
1 600
0 605
1 600
0 605
1 417
0 602
1 1574
0 607
1 1795
0 432
1 1733
0 600
1 39669
0 9118
1 2073
0 595
1 95942
0 9135
1 2124
0 620
1 759250
0 9184
1 4414
0 613
1 441
0 606
1 609
0 601
1 416
0 791
1 418
0 612
1 431
0 606
1 606
0 605
1 618
0 609
1 415
0 606
1 1721
0 603
1 1529
0 606
1 1733
0 616
1 1538
0 602
1 1668
0 614
1 1568
0 603
1 1720
0 609
1 1552
0 621
1 618
0 607
1 417
0 602
1 1718
0 608
1 1544
0 600
1 1604
0 621
1 605
0 599
1 441
0 607
1 605
0 600
1 1717
0 602
1 1532
0 608
1 603
0 614
1 436
0 604
1 598
0 618
1 1534
0 600
1 1722
0 605
1 1537
0 624
1 39797
0 8981
1 2205
0 624
1 737307
0 9022
1 4601
0 617
1 416
0 601
1 606
0 601
1 421
0 601
1 603
0 663
1 426
0 608
1 605
0 603
1 417
0 691
1 604
0 419
1 1725
0 603
1 1563
0 604
1 1728
0 605
1 1542
0 615
1 1735
0 604
1 1557
0 604
1 1731
0 623
1 1538
0 604
1 1564
0 619
1 1722
0 601
1 605
0 600
1 1538
0 624
1 1548
0 604
1 606
0 614
1 606
0 603
1 417
0 608
1 600
0 606
1 417
0 603
1 1726
0 665
1 420
0 600
1 608
0 610
1 1550
0 602
1 1733
0 603
1 1542
0 608
1 39762
0 8922
1 2191
0 619
1 95974
0 9064
1 2074
0 617
1 720162
0 9020
1 4399
0 610
1 621
0 613
1 420
0 606
1 632
0 607
1 414
0 607
1 603
0 601
1 606
0 600
1 421
0 601
1 600
0 626
1 1556
0 617
1 1562
0 610
1 1731
0 604
1 1539
0 605
1 1725
0 607
1 1556
0 606
1 1752
0 602
1 1560
0 604
1 607
0 603
1 1532
0 606
1 614
0 602
1 1561
0 608
1 1723
0 601
1 416
0 602
1 600
0 606
1 416
0 604
1 1704
0 618
1 592
0 598
1 1500
0 594
1 584
0 585
1 581
0 586
1 1695
0 590
1 1610
0 625
1 1565
0 610
1 39823
0 8954
1 2135
0 630
1 95946
0 8956
1 2327
0 604
1 95874
0 8995
1 2129
0 633
1 580865
0 9035
1 4380
0 606
1 606
0 601
1 420
0 601
1 628
0 634
1 455
0 646
1 530
0 662
1 424
0 606
1 600
0 605
1 418
0 603
1 1724
0 608
1 1558
0 637
1 1739
0 434
1 1723
0 602
1 1544
0 604
1 1747
0 619
1 1544
0 622
1 1721
0 604
1 1540
0 613
1 612
0 601
1 419
0 602
1 1743
0 608
1 1547
0 612
1 602
0 624
1 419
0 603
1 601
0 606
1 415
0 603
1 1725
0 614
1 1548
0 615
1 628
0 605
1 418
0 603
1 1727
0 606
1 1542
0 601
1 1778
0 623
1 39625
0 9094
1 2191
0 440
1 721885
0 9188
1 4283
0 625
1 605
0 607
1 418
0 603
1 614
0 624
1 421
0 607
1 600
0 605
1 612
0 602
1 417
0 607
1 604
0 599
1 1536
0 601
1 1736
0 617
1 1540
0 603
1 1731
0 609
1 1544
0 611
1 1727
0 634
1 1554
0 607
1 1562
0 603
1 606
0 623
1 422
0 601
1 603
0 607
1 1534
0 668
1 1741
0 420
1 605
0 645
1 420
0 607
1 606
0 601
1 1723
0 417
1 1653
0 617
1 1749
0 612
1 415
0 623
1 611
0 608
1 1539
0 610
1 1723
0 625
1 1554
0 620
1 39666
0 9062
1 2122
0 605
1 95896
0 8995
1 2323
0 621
1 758821
0 9009
1 4380
0 622
1 607
0 604
1 441
0 603
1 604
0 604
1 418
0 599
1 611
0 608
1 420
0 607
1 616
0 606
1 420
0 603
1 1729
0 609
1 1535
0 606
1 1746
0 606
1 1545
0 619
1 1726
0 605
1 1535
0 603
1 1720
0 602
1 1544
0 601
1 1678
0 591
1 1671
0 586
1 1670
0 607
1 409
0 764
1 1515
0 753
1 433
0 604
1 606
0 603
1 414
0 608
1 600
0 626
1 417
0 606
1 601
0 602
1 1562
0 611
1 617
0 612
1 1534
0 603
1 1731
0 602
1 1541
0 601
1 787950
0 9013
1 4370
0 791
1 550
0 395
1 527
0 800
1 417
0 626
1 429
0 607
1 606
0 603
1 603
0 607
1 414
0 602
1 606
0 600
1 1565
0 599
1 1672
0 587
1 1676
0 585
1 1677
0 606
1 1668
0 586
1 1646
0 624
1 1541
0 614
1 1543
0 611
1 605
0 606
1 1539
0 604
1 1732
0 615
1 419
0 803
1 1540
0 607
1 416
0 793
1 415
0 604
1 601
0 603
1 1546
0 635
1 607
0 456
1 624
0 607
1 1552
0 608
1 604
0 605
1 1544
0 602
1 1742
0 622
1 1544
0 610
1 702330
0 8996
1 4443
0 613
1 619
0 428
1 606
0 600
1 608
0 601
1 417
0 604
1 603
0 603
1 419
0 601
1 607
0 626
1 419
0 607
1 1738
0 619
1 1537
0 604
1 1726
0 622
1 1586
0 608
1 1548
0 610
1 1621
0 603
1 1748
0 606
1 1542
0 603
1 1723
0 608
1 417
0 612
1 1759
0 602
1 417
0 604
1 1726
0 602
1 418
0 786
1 416
0 602
1 610
0 457
1 609
0 615
1 1554
0 603
1 600
0 607
1 1538
0 787
1 413
0 603
1 1556
0 624
1 1734
0 619
1 1537
0 601
1 761587
0 8994
1 4465
0 610
1 604
0 609
1 434
0 608
1 608
0 610
1 422
0 600
1 604
0 604
1 414
0 601
1 602
0 603
1 602
0 606
1 1555
0 624
1 1541
0 625
1 1721
0 600
1 1537
0 606
1 1720
0 604
1 1549
0 611
1 1744
0 617
1 1542
0 609
1 601
0 606
1 417
0 603
1 1729
0 616
1 418
0 603
1 1774
0 452
1 632
0 634
1 450
0 630
1 430
0 607
1 1725
0 603
1 1581
0 628
1 601
0 627
1 1539
0 606
1 603
0 602
1 1545
0 601
1 1751
0 433
1 1727
0 626
1 702772
0 9123
1 4387
0 625
1 432
0 604
1 605
0 601
1 417
0 603
1 602
0 600
1 606
0 600
1 419
0 620
1 626
0 609
1 415
0 603
1 1731
0 621
1 1531
0 601
1 1731
0 604
1 1563
0 602
1 1719
0 421
1 1738
0 608
1 1549
0 604
1 1742
0 610
1 1559
0 608
1 1754
0 616
1 417
0 604
1 603
0 600
1 1545
0 601
1 603
0 610
1 417
0 605
1 600
0 607
1 610
0 432
1 600
0 603
1 1723
0 420
1 1823
0 608
1 441
0 611
1 1725
0 606
1 1537
0 620
1 1537
0 610
1 39688
0 9166
1 2219
0 641
1 668675
0 9035
1 4437
0 589
1 626
0 608
1 422
0 617
1 620
0 590
1 406
0 587
1 587
0 584
1 588
0 587
1 583
0 588
1 405
0 589
1 1667
0 608
1 1728
0 633
1 1540
0 602
1 1726
0 607
1 1545
0 605
1 1743
0 450
1 1730
0 609
1 1538
0 627
1 601
0 606
1 1539
0 604
1 604
0 612
1 428
0 603
1 1738
0 608
1 425
0 600
1 600
0 602
1 606
0 603
1 1531
0 609
1 601
0 474
1 1776
0 610
1 1533
0 603
1 603
0 606
1 1537
0 601
1 1737
0 606
1 1578
0 603
1 699055
0 9052
1 4395
0 616
1 604
0 607
1 414
0 600
1 605
0 602
1 437
0 615
1 613
0 608
1 414
0 789
1 422
0 610
1 427
0 608
1 1728
0 602
1 1544
0 608
1 1740
0 614
1 1539
0 604
1 1752
0 611
1 1539
0 604
1 1735
0 609
1 1550
0 601
1 1563
0 634
1 639
0 450
1 642
0 643
1 433
0 609
1 1721
0 612
1 432
0 635
1 607
0 609
1 415
0 605
1 635
0 613
1 1548
0 602
1 1723
0 442
1 1744
0 632
1 419
0 722
1 1558
0 609
1 1542
0 613
1 1724
0 602
1 690059
0 9015
1 4508
0 631
1 421
0 610
1 602
0 607
1 417
0 604
1 603
0 611
1 616
0 433
1 602
0 625
1 436
0 602
1 607
0 601
1 1541
0 794
1 1540
0 628
1 1540
0 608
1 1728
0 619
1 1538
0 609
1 1737
0 605
1 1596
0 641
1 1556
0 616
1 602
0 604
1 423
0 601
1 611
0 608
1 419
0 603
1 1724
0 606
1 413
0 624
1 606
0 609
1 418
0 619
1 1750
0 606
1 1545
0 600
1 1723
0 603
1 1545
0 625
1 476
0 621
1 1719
0 603
1 1537
0 605
1 1742
0 607
1 749379
0 9165
1 4413
0 616
1 422
0 624
1 611
0 599
1 419
0 605
1 604
0 627
1 416
0 604
1 599
0 603
1 604
0 603
1 413
0 618
1 1756
0 431
1 1767
0 663
1 1561
0 605
1 1534
0 605
1 1727
0 628
1 1539
0 617
1 1716
0 606
1 1542
0 604
1 1726
0 608
1 1579
0 619
1 1543
0 603
1 1723
0 602
1 438
0 599
1 600
0 602
1 682
0 472
1 451
0 638
1 455
0 657
1 628
0 621
1 428
0 654
1 441
0 615
1 1751
0 435
1 1742
0 641
1 1565
0 640
1 1590
0 642
1 799436
0 9048
1 4589
0 432
1 619
0 611
1 423
0 805
1 419
0 606
1 436
0 604
1 602
0 605
1 605
0 604
1 416
0 617
1 633
0 606
1 1546
0 615
1 1558
0 603
1 1725
0 610
1 1543
0 622
1 1727
0 605
1 1547
0 558
1 1732
0 612
1 1550
0 787
1 417
0 610
1 1539
0 604
1 1721
0 615
1 1688
0 613
1 417
0 606
1 602
0 606
1 417
0 622
1 609
0 607
1 1543
0 610
1 616
0 609
1 420
0 606
1 603
0 604
1 1543
0 601
1 1760
0 614
1 1537
0 614
1 1743
0 602
1 39687
0 8920
1 2315
0 603
1 706195
0 9009
1 4395
0 624
1 419
0 604
1 605
0 605
1 609
0 603
1 418
0 673
1 426
0 606
1 646
0 637
1 421
0 606
1 604
0 609
1 1544
0 605
1 1727
0 609
1 1547
0 529
1 1777
0 609
1 1540
0 603
1 1725
0 631
1 1542
0 606
1 1626
0 632
1 1539
0 794
1 418
0 605
1 1564
0 606
1 1728
0 603
1 416
0 608
1 621
0 604
1 604
0 604
1 419
0 614
1 602
0 609
1 1537
0 604
1 607
0 604
1 417
0 604
1 1775
0 617
1 1548
0 603
1 1542
0 796
1 1546
0 605
1 39712
0 9031
1 2135
0 608
1 788673
0 9055
1 4382
0 622
1 612
0 602
1 419
0 815
1 444
0 605
1 529
0 607
1 417
0 605
1 603
0 604
1 415
0 663
1 619
0 611
1 1543
0 612
1 1739
0 423
1 1735
0 602
1 1551
0 614
1 1734
0 606
1 1537
0 620
1 1740
0 607
1 1561
0 612
1 607
0 613
1 416
0 617
1 1553
0 607
1 1757
0 608
1 419
0 612
1 609
0 611
1 416
0 603
1 614
0 619
1 1550
0 605
1 1723
0 642
1 421
0 607
1 604
0 605
1 1547
0 602
1 1736
0 642
1 3854
0 469
1 39670
0 9099
1 2252
0 594
1 606650
0 8992
1 4586
0 479
1 611
0 620
1 417
0 586
1 583
0 588
1 586
0 586
1 590
0 585
1 407
0 586
1 586
0 586
1 588
0 584
1 1679
0 454
1 1772
0 608
1 1534
0 605
1 1732
0 604
1 1551
0 645
1 1605
0 616
1 1727
0 601
1 1536
0 606
1 1741
0 419
1 1730
0 618
1 430
0 789
1 1536
0 610
1 604
0 604
1 438
0 673
1 420
0 601
1 607
0 601
1 417
0 616
1 615
0 497
1 1725
0 604
1 439
0 609
1 1733
0 602
1 1536
0 607
1 1743
0 616
1 1543
0 606
1 39716
0 9037
1 2235
0 642
1 835182
0 9118
1 4448
0 622
1 425
0 604
1 612
0 612
1 419
0 603
1 604
0 606
1 415
0 607
1 603
0 665
1 431
0 604
1 605
0 602
1 1558
0 607
1 1737
0 602
1 1541
0 606
1 1735
0 621
1 1538
0 627
1 1538
0 604
1 1721
0 609
1 1547
0 619
1 605
0 606
1 1534
0 620
1 606
0 607
1 1539
0 625
1 602
0 609
1 414
0 789
1 420
0 615
1 604
0 607
1 1532
0 610
1 609
0 611
1 1537
0 604
1 607
0 601
1 1543
0 618
1 1732
0 611
1 1545
0 610
1 1547
0 604
1 39788
0 9075
1 2240
0 608
1 575713
0 8864
1 4604
0 614
1 421
0 609
1 617
0 442
1 605
0 601
1 600
0 609
1 414
0 603
1 606
0 603
1 606
0 464
1 634
0 605
1 1560
0 668
1 1555
0 605
1 1731
0 605
1 1542
0 617
1 1551
0 609
1 1738
0 618
1 1532
0 606
1 1734
0 602
1 1532
0 609
1 604
0 601
1 616
0 417
1 1670
0 591
1 590
0 588
1 584
0 589
1 582
0 585
1 408
0 589
1 585
0 593
1 1782
0 493
1 1558
0 611
1 605
0 600
1 1532
0 787
1 1551
0 611
1 1560
0 620
1 1726
0 604
1 911127
0 9052
1 4397
0 612
1 615
0 610
1 425
0 610
1 620
0 608
1 421
0 613
1 609
0 615
1 423
0 628
1 611
0 611
1 419
0 613
1 1726
0 611
1 1543
0 622
1 1574
0 798
1 1540
0 612
1 1539
0 611
1 1739
0 621
1 1549
0 645
1 1548
0 612
1 608
0 606
1 425
0 611
1 609
0 606
1 1558
0 621
1 611
0 614
1 421
0 612
1 611
0 612
1 420
0 615
1 1730
0 631
1 1600
0 610
1 1601
0 619
1 422
0 617
1 1731
0 630
1 1550
0 610
1 1543
0 608
1 1646
0 631
1 39776
0 8939
1 2259
0 618
1 862937
0 9081
1 4586
0 449
1 640
0 615
1 423
0 614
1 612
0 608
1 420
0 611
1 611
0 613
1 421
0 663
1 445
0 806
1 443
0 615
1 1624
0 613
1 1554
0 609
1 1734
0 610
1 1591
0 620
1 1548
0 621
1 1733
0 613
1 1541
0 632
1 1548
0 611
1 1741
0 616
1 1563
0 608
1 1626
0 620
1 608
0 611
1 423
0 608
1 609
0 633
1 426
0 617
1 424
0 619
1 626
0 639
1 423
0 607
1 615
0 607
1 1552
0 612
1 1729
0 610
1 1573
0 497
1 1750
0 614
1 1550
0 613
1 843159
0 9214
1 4443
0 445
1 689
0 476
1 618
0 601
1 430
0 612
1 606
0 609
1 419
0 612
1 604
0 612
1 419
0 612
1 698
0 630
1 1551
0 619
1 1546
0 607
1 1731
0 611
1 1543
0 619
1 1556
0 794
1 1545
0 615
1 1544
0 608
1 1749
0 607
1 422
0 672
1 1554
0 793
1 1559
0 611
1 432
0 615
1 606
0 608
1 419
0 612
1 606
0 608
1 419
0 616
1 1736
0 607
1 441
0 632
1 613
0 606
1 1543
0 609
1 1735
0 608
1 1550
0 642
1 1562
0 614
1 1724
0 610
1 39575
0 9127
1 2251
0 618
1 831252
0 8988
1 4434
0 628
1 608
0 611
1 423
0 610
1 615
0 609
1 423
0 629
1 640
0 617
1 421
0 612
1 421
0 602
1 592
0 591
1 1681
0 591
1 1675
0 590
1 1692
0 594
1 1484
0 629
1 1748
0 611
1 1543
0 609
1 1734
0 445
1 1752
0 619
1 1559
0 609
1 611
0 607
1 1545
0 608
1 612
0 610
1 435
0 642
1 425
0 795
1 424
0 615
1 433
0 612
1 606
0 606
1 1542
0 611
1 617
0 611
1 1539
0 634
1 1739
0 613
1 1560
0 607
1 1547
0 612
1 1734
0 608
1 39614
0 9122
1 2125
0 629
1 977549
0 9185
1 4378
0 622
1 437
0 615
1 756
0 438
1 432
0 632
1 613
0 612
1 421
0 612
1 609
0 607
1 422
0 611
1 608
0 612
1 1556
0 624
1 1728
0 632
1 1549
0 609
1 1565
0 611
1 1738
0 613
1 1552
0 606
1 1747
0 625
1 1549
0 608
1 421
0 796
1 420
0 608
1 1548
0 621
1 609
0 611
1 425
0 640
1 610
0 610
1 422
0 609
1 610
0 606
1 1544
0 606
1 1737
0 621
1 425
0 606
1 1750
0 614
1 1548
0 606
1 1539
0 630
1 1741
0 627
1 1551
0 622
1 39637
0 9085
1 2262
0 640
1 95793
0 9034
1 2143
0 616
